fx = 2304.5479;
fy = 2305.8757;
cx = 1686.2379;
cy = 1354.9849;