fx = 2300.3906;
fy = 2301.3147;
cx = 1713.2162;
cy = 1342.9111;