-0.8293447 0.0700585 0.5543277 -12481.8954000 -0.5585610 -0.1288766 -0.8193903 5082.5337000 0.0140347 -0.9891828 0.1460151 37.2132000 0.0000000 0.0000000 0.0000000 1.0000000 170908_061454764_Camera_5.jpg
-0.8273174 0.0695024 0.5574185 -12492.4798000 -0.5615273 -0.1292917 -0.8172948 5144.7376000 0.0152656 -0.9891679 0.1459928 37.0922000 0.0000000 0.0000000 0.0000000 1.0000000 170908_061446563_Camera_5.jpg
-0.8323293 0.0665796 0.5502682 -12411.1922000 -0.5541014 -0.1252450 -0.8229734 4673.3424000 0.0141251 -0.9898893 0.1411370 37.3664000 0.0000000 0.0000000 0.0000000 1.0000000 170908_061552168_Camera_5.jpg
-0.8336985 0.0693329 0.5478502 -12424.3962000 -0.5521787 -0.1167918 -0.8255049 4748.8364000 0.0067497 -0.9907334 0.1356533 37.7425000 0.0000000 0.0000000 0.0000000 1.0000000 170908_061541188_Camera_5.jpg
-0.8329792 0.0635943 0.5496376 -12429.7702000 -0.5531275 -0.1208218 -0.8242888 4782.8247000 0.0139881 -0.9906351 0.1358178 37.9345000 0.0000000 0.0000000 0.0000000 1.0000000 170908_061536740_Camera_5.jpg
-0.8364596 0.0720426 0.5432726 -12487.5908000 -0.5479535 -0.1263532 -0.8269110 5115.8812000 0.0090714 -0.9893658 0.1451654 37.1318000 0.0000000 0.0000000 0.0000000 1.0000000 170908_061450316_Camera_5.jpg
-0.8270540 0.0648968 0.5583638 -12458.3937000 -0.5616947 -0.1341556 -0.8163953 4946.3171000 0.0219262 -0.9888330 0.1474061 37.9705000 0.0000000 0.0000000 0.0000000 1.0000000 170908_061514223_Camera_5.jpg
-0.8338215 0.0654335 0.5481425 -12474.6730000 -0.5516925 -0.1337055 -0.8232607 5040.8315000 0.0194208 -0.9888586 0.1475857 37.4000000 0.0000000 0.0000000 0.0000000 1.0000000 170908_061500462_Camera_5.jpg
-0.8329992 0.0694774 0.5488945 -12469.9925000 -0.5530490 -0.1328628 -0.8224867 5012.7775000 0.0157834 -0.9886963 0.1490991 37.5628000 0.0000000 0.0000000 0.0000000 1.0000000 170908_061504493_Camera_5.jpg
-0.8353742 0.0641630 0.5459241 -12488.4254000 -0.5494627 -0.1255066 -0.8260380 5121.1090000 0.0155160 -0.9900158 0.1401001 37.1325000 0.0000000 0.0000000 0.0000000 1.0000000 170908_061449621_Camera_5.jpg
-0.8277811 0.0696059 0.5567166 -12460.1301000 -0.5607969 -0.1325173 -0.8172796 4955.9220000 0.0168870 -0.9887336 0.1487301 37.9152000 0.0000000 0.0000000 0.0000000 1.0000000 170908_061512833_Camera_5.jpg
-0.8351654 0.0643873 0.5462170 -12429.4048000 -0.5498341 -0.1220449 -0.8263095 4780.6206000 0.0134592 -0.9904339 0.1373300 37.9239000 0.0000000 0.0000000 0.0000000 1.0000000 170908_061537018_Camera_5.jpg
-0.8311818 0.0655347 0.5521249 -12477.2187000 -0.5557215 -0.1293854 -0.8212387 5055.7969000 0.0176173 -0.9894264 0.1439618 37.3299000 0.0000000 0.0000000 0.0000000 1.0000000 170908_061458377_Camera_5.jpg
-0.8320754 0.0706682 0.5501423 -12467.5918000 -0.5544673 -0.1322903 -0.8216236 4998.6173000 0.0147158 -0.9886887 0.1492587 37.6581000 0.0000000 0.0000000 0.0000000 1.0000000 170908_061506578_Camera_5.jpg
-0.8333867 0.0653114 0.5488178 -12499.5418000 -0.5524012 -0.1305439 -0.8232929 5183.9345000 0.0178744 -0.9892890 0.1448716 37.0795000 0.0000000 0.0000000 0.0000000 1.0000000 170908_061441420_Camera_5.jpg
-0.8310730 0.0660085 0.5522323 -12477.3929000 -0.5558719 -0.1307222 -0.8209252 5056.8064000 0.0180010 -0.9892192 0.1453320 37.3239000 0.0000000 0.0000000 0.0000000 1.0000000 170908_061458238_Camera_5.jpg
-0.8313782 0.0640888 0.5519990 -12443.7836000 -0.5554866 -0.1238154 -0.8222557 4861.6728000 0.0156486 -0.9902335 0.1385379 38.4302000 0.0000000 0.0000000 0.0000000 1.0000000 170908_061526315_Camera_5.jpg
-0.8356226 0.0683239 0.5450382 -12425.2531000 -0.5492315 -0.1200402 -0.8270037 4753.9649000 0.0089224 -0.9904152 0.1378339 37.7712000 0.0000000 0.0000000 0.0000000 1.0000000 170908_061540493_Camera_5.jpg
-0.8471243 0.0588259 0.5281288 -12512.5437000 -0.5311003 -0.1268119 -0.8377656 5274.2912000 0.0176907 -0.9901809 0.1386679 37.3871000 0.0000000 0.0000000 0.0000000 1.0000000 170908_061428818_Camera_5.jpg
-0.8310240 0.0744961 0.5512254 -12465.6601000 -0.5560984 -0.1333501 -0.8203489 4987.3140000 0.0123931 -0.9882652 0.1522443 37.7143000 0.0000000 0.0000000 0.0000000 1.0000000 170908_061508246_Camera_5.jpg
-0.8335402 0.0709564 0.5478832 -12424.2277000 -0.5524235 -0.1182704 -0.8251305 4747.8189000 0.0062501 -0.9904430 0.1377811 37.7372000 0.0000000 0.0000000 0.0000000 1.0000000 170908_061541327_Camera_5.jpg
-0.8408822 0.0666343 0.5371006 -12426.2389000 -0.5411513 -0.1191186 -0.8324458 4760.2021000 0.0085092 -0.9906415 0.1362239 37.8143000 0.0000000 0.0000000 0.0000000 1.0000000 170908_061539659_Camera_5.jpg
-0.8295964 0.0635493 0.5547353 -12478.6246000 -0.5579842 -0.1309691 -0.8194515 5063.9120000 0.0205776 -0.9893475 0.1441110 37.2774000 0.0000000 0.0000000 0.0000000 1.0000000 170908_061457265_Camera_5.jpg
-0.8416730 0.0637145 0.5362154 -12508.4179000 -0.5397946 -0.1258196 -0.8323408 5237.2662000 0.0144342 -0.9900050 0.1402917 37.1988000 0.0000000 0.0000000 0.0000000 1.0000000 170908_061434263_Camera_5.jpg
-0.8298064 0.0628925 0.5544961 -12442.5756000 -0.5578195 -0.1221247 -0.8209281 4854.7091000 0.0160875 -0.9905201 0.1364225 38.4105000 0.0000000 0.0000000 0.0000000 1.0000000 170908_061527288_Camera_5.jpg
-0.8321851 0.0669720 0.5504387 -12447.1162000 -0.5542559 -0.1297982 -0.8221635 4881.3255000 0.0163840 -0.9892761 0.1451357 38.4361000 0.0000000 0.0000000 0.0000000 1.0000000 170908_061523535_Camera_5.jpg
-0.8269308 0.0694304 0.5580008 -12492.6731000 -0.5621011 -0.1287066 -0.8169926 5145.8120000 0.0150942 -0.9892492 0.1454583 37.0892000 0.0000000 0.0000000 0.0000000 1.0000000 170908_061446424_Camera_5.jpg
-0.8271134 0.0652570 0.5582338 -12458.2206000 -0.5615975 -0.1351470 -0.8162987 4945.3554000 0.0221744 -0.9886743 0.1484301 37.9770000 0.0000000 0.0000000 0.0000000 1.0000000 170908_061514362_Camera_5.jpg
-0.8306806 0.0689842 0.5524589 -12498.4603000 -0.5566489 -0.1217369 -0.8217798 5177.4827000 0.0105648 -0.9901623 0.1395245 37.0681000 0.0000000 0.0000000 0.0000000 1.0000000 170908_061442254_Camera_5.jpg
-0.8290751 0.0641531 0.5554448 -12479.1655000 -0.5587318 -0.1328827 -0.8186336 5066.9853000 0.0212911 -0.9890534 0.1460141 37.2583000 0.0000000 0.0000000 0.0000000 1.0000000 170908_061456848_Camera_5.jpg
-0.8339948 0.0750066 0.5466504 -12500.8112000 -0.5517544 -0.1213472 -0.8251315 5191.4198000 0.0044442 -0.9897721 0.1425882 37.0962000 0.0000000 0.0000000 0.0000000 1.0000000 170908_061440447_Camera_5.jpg
-0.8292346 0.0670113 0.5548688 -12438.2760000 -0.5587537 -0.1221620 -0.8202870 4830.1857000 0.0128154 -0.9902454 0.1387438 38.1893000 0.0000000 0.0000000 0.0000000 1.0000000 170908_061530624_Camera_5.jpg
-0.8307129 0.0661552 0.5527564 -12477.7424000 -0.5563751 -0.1326321 -0.8202777 5058.8306000 0.0190476 -0.9889551 0.1469862 37.3093000 0.0000000 0.0000000 0.0000000 1.0000000 170908_061457960_Camera_5.jpg
-0.8304252 0.0652433 0.5532968 -12477.9173000 -0.5567551 -0.1336190 -0.8198596 5059.8445000 0.0204406 -0.9888828 0.1472851 37.3006000 0.0000000 0.0000000 0.0000000 1.0000000 170908_061457821_Camera_5.jpg
-0.8327931 0.0687950 0.5492931 -12423.8837000 -0.5535318 -0.1171495 -0.8245475 4745.7894000 0.0076246 -0.9907286 0.1356415 37.7234000 0.0000000 0.0000000 0.0000000 1.0000000 170908_061541605_Camera_5.jpg
-0.8285130 0.0668604 0.5559639 -12454.9386000 -0.5596390 -0.1329881 -0.8179966 4926.9199000 0.0192450 -0.9888599 0.1476000 38.0912000 0.0000000 0.0000000 0.0000000 1.0000000 170908_061517003_Camera_5.jpg
-0.8312547 0.0699163 0.5514774 -12450.5974000 -0.5555441 -0.1395604 -0.8196912 4901.6130000 0.0196546 -0.9877422 0.1548519 38.3335000 0.0000000 0.0000000 0.0000000 1.0000000 170908_061520617_Camera_5.jpg
-0.8287512 0.0709460 0.5551019 -12419.9515000 -0.5595800 -0.1164989 -0.8205475 4723.0543000 0.0064542 -0.9906537 0.1362486 37.5894000 0.0000000 0.0000000 0.0000000 1.0000000 170908_061544802_Camera_5.jpg
-0.9453650 -0.0571295 -0.3209693 -12508.9970000 0.3256708 -0.1203353 -0.9377942 5299.9701000 0.0149518 -0.9910881 0.1323662 37.5635000 0.0000000 0.0000000 0.0000000 1.0000000 170908_061423626_Camera_5.jpg
-0.8654540 0.0548878 0.4979726 -12511.7427000 -0.5007333 -0.1264839 -0.8563107 5267.8913000 0.0159845 -0.9904490 0.1369502 37.3589000 0.0000000 0.0000000 0.0000000 1.0000000 170908_061429812_Camera_5.jpg
