1.000000 0.735447 0.871249 0.869288 0.864481 0.848030 0.838704 0.934950 0.777190 0.539493 0.882844 0.889609 0.895539 0.895433 0.931771 0.830603 0.851878 0.692113 0.607495 0.712417 0.757739 0.869512 0.790534 0.567130 0.850983 0.780341 0.808412 0.691043 0.754311 0.824298 0.837796 0.804701 0.564558 0.801166 0.797099 0.787348 0.810769 0.763177 0.819847 0.779636 0.804455 0.771817 0.815987 0.789676 0.812913 0.653223 0.631165 0.555829 0.615060 0.815493 0.621134 0.547604 0.741536 0.751373 0.627485 0.590306 0.722536 0.590134 0.759192 0.750129 0.627700 0.716519 0.671777 0.707463 0.708607 0.719849 0.672530 0.903945 0.788518 0.575460 0.615488 0.629675 0.710970 0.835232 0.713323 0.755358 0.667714 0.670308 0.667003
0.735447 1.000000 0.837137 0.808536 0.678753 0.799511 0.846928 0.705907 0.919196 0.729954 0.774671 0.676767 0.754869 0.808072 0.733286 0.821768 0.711428 0.761700 0.789385 0.837400 0.787762 0.778413 0.826879 0.734987 0.783661 0.816249 0.821587 0.814023 0.810040 0.808939 0.815217 0.799521 0.742200 0.752908 0.795617 0.801973 0.785954 0.816191 0.724518 0.765116 0.779293 0.808408 0.798224 0.801804 0.736712 0.871309 0.818413 0.730068 0.801437 0.870698 0.816067 0.738801 0.899610 0.891074 0.818887 0.770209 0.900251 0.769993 0.929451 0.915892 0.826596 0.883457 0.834947 0.867408 0.891196 0.877297 0.864956 0.735346 0.905756 0.764833 0.797159 0.819191 0.890027 0.873310 0.907797 0.910739 0.854546 0.887441 0.894392
0.871249 0.837137 1.000000 0.905873 0.793759 0.818962 0.921561 0.830607 0.876472 0.614339 0.859586 0.795547 0.851329 0.888237 0.858883 0.898410 0.831001 0.769320 0.688888 0.806116 0.817379 0.897471 0.873031 0.643856 0.887200 0.865602 0.886447 0.778234 0.836983 0.891133 0.909819 0.877979 0.640924 0.838527 0.857966 0.860444 0.866720 0.844128 0.834172 0.824890 0.860304 0.849094 0.876125 0.854214 0.832280 0.743748 0.717093 0.632808 0.700402 0.879930 0.705168 0.623125 0.832349 0.844369 0.714530 0.672371 0.820722 0.672170 0.859969 0.852588 0.713412 0.811810 0.761003 0.797641 0.806435 0.817378 0.764605 0.838842 0.886488 0.654884 0.700871 0.716896 0.808470 0.902913 0.812436 0.857341 0.759841 0.763298 0.758687
0.869288 0.808536 0.905873 1.000000 0.788058 0.806169 0.888239 0.841904 0.856316 0.600372 0.848072 0.800622 0.830270 0.868990 0.862608 0.865086 0.839226 0.759217 0.675591 0.788655 0.805038 0.895871 0.843812 0.631223 0.900474 0.841967 0.869893 0.762132 0.818706 0.876228 0.881750 0.855637 0.628419 0.832132 0.852176 0.840641 0.857978 0.820337 0.840436 0.826894 0.852240 0.832795 0.880879 0.839091 0.844109 0.728280 0.697283 0.620424 0.686777 0.860815 0.691143 0.609399 0.817005 0.824570 0.699154 0.658555 0.791193 0.658381 0.836280 0.827689 0.698490 0.788143 0.739319 0.782078 0.787943 0.793445 0.747691 0.825212 0.842312 0.641422 0.686964 0.701973 0.793840 0.867708 0.793447 0.834666 0.743894 0.746349 0.742126
0.864481 0.678753 0.793759 0.788058 1.000000 0.808307 0.767674 0.900130 0.719540 0.500053 0.861986 0.926492 0.886505 0.828102 0.891139 0.789532 0.811165 0.639830 0.560519 0.654148 0.697188 0.822759 0.740606 0.522754 0.807919 0.725341 0.763673 0.640233 0.700307 0.764492 0.782021 0.756729 0.520955 0.752057 0.740501 0.732718 0.751308 0.708586 0.798959 0.716316 0.749736 0.720811 0.767186 0.724519 0.764768 0.603031 0.582323 0.513061 0.567321 0.761908 0.572783 0.506967 0.688212 0.692707 0.579904 0.545933 0.667084 0.545761 0.701779 0.692368 0.579554 0.663502 0.617951 0.653796 0.652911 0.663087 0.621028 0.856203 0.725865 0.532043 0.567007 0.581281 0.656479 0.770260 0.658283 0.694720 0.615531 0.620106 0.617048
0.848030 0.799511 0.818962 0.806169 0.808307 1.000000 0.803384 0.831216 0.798604 0.604534 0.889216 0.807399 0.858649 0.892130 0.835520 0.794268 0.768699 0.697515 0.660587 0.734020 0.751914 0.795802 0.774579 0.616060 0.786931 0.759552 0.766510 0.726336 0.745848 0.774814 0.786768 0.761381 0.617336 0.741478 0.750332 0.748046 0.752897 0.747657 0.753178 0.744652 0.743531 0.745955 0.765119 0.768157 0.739594 0.720297 0.676333 0.603943 0.661472 0.816167 0.684548 0.607211 0.776450 0.771213 0.686794 0.644997 0.756007 0.644820 0.821262 0.778261 0.683235 0.754510 0.700938 0.728020 0.752736 0.733948 0.723876 0.859345 0.801749 0.638042 0.653976 0.684001 0.745061 0.848915 0.758110 0.774122 0.708481 0.741242 0.744311
0.838704 0.846928 0.921561 0.888239 0.767674 0.803384 1.000000 0.808060 0.876587 0.635567 0.822830 0.764448 0.808991 0.848997 0.818954 0.899519 0.812231 0.797373 0.710169 0.829906 0.853373 0.888049 0.904108 0.666656 0.881416 0.892296 0.908632 0.804503 0.870705 0.902214 0.917909 0.899547 0.663472 0.851373 0.883085 0.874456 0.881677 0.879116 0.829703 0.847278 0.887748 0.885333 0.883551 0.892740 0.841679 0.769136 0.733693 0.654582 0.724094 0.854098 0.727292 0.644736 0.837938 0.848299 0.739184 0.695413 0.835971 0.695200 0.870859 0.866413 0.737040 0.823968 0.775715 0.816860 0.831764 0.829600 0.785770 0.815600 0.872204 0.677835 0.722141 0.741822 0.832831 0.869355 0.837877 0.872120 0.781242 0.788061 0.774891
0.934950 0.705907 0.830607 0.841904 0.900130 0.831216 0.808060 1.000000 0.748068 0.519046 0.874698 0.916484 0.888338 0.861924 0.939275 0.814281 0.858729 0.667915 0.584913 0.683494 0.736811 0.861501 0.769959 0.545787 0.844451 0.755888 0.792506 0.667349 0.731128 0.798484 0.813457 0.785893 0.543534 0.787572 0.780125 0.766097 0.790216 0.739902 0.834972 0.761036 0.791537 0.749472 0.808158 0.762697 0.816656 0.627781 0.606385 0.534534 0.590971 0.789494 0.597946 0.527342 0.716108 0.720942 0.603209 0.567486 0.693260 0.567326 0.730926 0.719942 0.603427 0.689219 0.643671 0.680658 0.679750 0.689464 0.647082 0.895297 0.754665 0.553830 0.590608 0.605320 0.682852 0.801142 0.684822 0.723597 0.640841 0.644911 0.641388
0.777190 0.919196 0.876472 0.856316 0.719540 0.798604 0.876587 0.748068 1.000000 0.688071 0.800124 0.717510 0.798094 0.843286 0.776304 0.857963 0.753741 0.771242 0.748168 0.829400 0.793006 0.821840 0.843100 0.698467 0.828455 0.835110 0.857188 0.801096 0.816361 0.845554 0.858723 0.834963 0.701102 0.787414 0.823928 0.828664 0.821540 0.817098 0.767923 0.782846 0.812541 0.829960 0.841857 0.825375 0.775528 0.830153 0.788798 0.704587 0.776413 0.909169 0.784476 0.695223 0.903237 0.904711 0.796779 0.749867 0.901873 0.749644 0.932723 0.925310 0.792043 0.887701 0.830483 0.873372 0.898448 0.883888 0.828971 0.772853 0.928653 0.730558 0.772166 0.798566 0.895482 0.912652 0.906373 0.929477 0.835914 0.852647 0.847448
0.539493 0.729954 0.614339 0.600372 0.500053 0.604534 0.635567 0.519046 0.688071 1.000000 0.571111 0.497753 0.554949 0.596785 0.539153 0.614202 0.523249 0.679008 0.763571 0.725241 0.667396 0.573573 0.657705 0.751335 0.585190 0.669311 0.637493 0.728880 0.683723 0.629121 0.614612 0.630334 0.759754 0.600616 0.633131 0.651571 0.619621 0.675498 0.536313 0.631778 0.624673 0.672520 0.609079 0.661244 0.564277 0.811229 0.827016 0.834469 0.826211 0.648650 0.796389 0.835048 0.718133 0.708516 0.826978 0.852356 0.739460 0.852454 0.705907 0.714049 0.836175 0.747579 0.793882 0.748402 0.751991 0.742637 0.776223 0.540877 0.678003 0.866767 0.829252 0.824763 0.746995 0.641619 0.751662 0.708494 0.782158 0.796132 0.803665
0.882844 0.774671 0.859586 0.848072 0.861986 0.889216 0.822830 0.874698 0.800124 0.571111 1.000000 0.860433 0.920512 0.910531 0.898027 0.829923 0.796467 0.712188 0.638630 0.742932 0.760860 0.831745 0.803866 0.597023 0.821286 0.785591 0.804369 0.728565 0.767242 0.802336 0.821927 0.787800 0.594355 0.764731 0.779721 0.780311 0.783626 0.771407 0.790923 0.762455 0.773924 0.772309 0.801272 0.776609 0.766339 0.690623 0.660092 0.587423 0.647914 0.844741 0.655864 0.578915 0.785755 0.773453 0.662163 0.624568 0.744880 0.624378 0.802098 0.783514 0.659628 0.751930 0.686687 0.724039 0.742170 0.738561 0.709233 0.899093 0.805437 0.608073 0.642220 0.665202 0.744718 0.857414 0.750314 0.775334 0.696329 0.709165 0.706007
0.889609 0.676767 0.795547 0.800622 0.926492 0.807399 0.764448 0.916484 0.717510 0.497753 0.860433 1.000000 0.889459 0.827920 0.903152 0.783179 0.823140 0.636416 0.558929 0.653551 0.693996 0.821600 0.731846 0.521329 0.809215 0.719818 0.758141 0.637739 0.694345 0.762685 0.776238 0.750769 0.519413 0.754155 0.741113 0.731560 0.763120 0.702069 0.807779 0.720191 0.750372 0.712820 0.773802 0.721096 0.779381 0.600727 0.580381 0.511215 0.565127 0.756273 0.570910 0.505071 0.684768 0.690380 0.577532 0.543302 0.664409 0.543139 0.699466 0.689797 0.577107 0.660091 0.617126 0.652229 0.651125 0.660802 0.619120 0.864001 0.723756 0.529732 0.564981 0.579165 0.653853 0.767451 0.656028 0.692845 0.613255 0.617670 0.614064
0.895539 0.754869 0.851329 0.830270 0.886505 0.858649 0.808991 0.888338 0.798094 0.554949 0.920512 0.889459 1.000000 0.897263 0.912252 0.819834 0.800943 0.684257 0.616979 0.714615 0.728162 0.828801 0.781467 0.574301 0.818027 0.762934 0.794441 0.693976 0.735613 0.791661 0.815337 0.780485 0.573988 0.759503 0.768062 0.770725 0.774878 0.743263 0.789893 0.733376 0.766150 0.756815 0.798190 0.758596 0.765473 0.669041 0.646368 0.568451 0.628296 0.839720 0.635940 0.561571 0.762085 0.765293 0.643153 0.605139 0.740987 0.604961 0.778856 0.766790 0.641904 0.736009 0.679355 0.715566 0.725398 0.729243 0.687189 0.899860 0.799160 0.589511 0.624885 0.644647 0.727404 0.856461 0.731027 0.767185 0.676588 0.688193 0.685167
0.895433 0.808072 0.888237 0.868990 0.828102 0.892130 0.848997 0.861924 0.843286 0.596785 0.910531 0.827920 0.897263 1.000000 0.889773 0.835642 0.807100 0.725021 0.664832 0.760067 0.779530 0.842676 0.814561 0.620143 0.834213 0.802261 0.814576 0.741805 0.780225 0.819329 0.835189 0.803486 0.618560 0.774930 0.791191 0.791014 0.796048 0.779321 0.792088 0.777411 0.785451 0.787933 0.811464 0.804150 0.779082 0.719435 0.685708 0.611175 0.675267 0.872423 0.684410 0.603378 0.810245 0.809168 0.690288 0.650348 0.781043 0.650158 0.834376 0.816884 0.685582 0.779986 0.716839 0.759838 0.774510 0.772804 0.736992 0.899829 0.840013 0.634192 0.667954 0.692610 0.777931 0.903535 0.779835 0.814984 0.725348 0.737704 0.736088
0.931771 0.733286 0.858883 0.862608 0.891139 0.835520 0.818954 0.939275 0.776304 0.539153 0.898027 0.903152 0.912252 0.889773 1.000000 0.821626 0.834293 0.680941 0.606151 0.707478 0.736928 0.857569 0.778447 0.565429 0.842103 0.768112 0.804547 0.686393 0.741912 0.806557 0.819527 0.790838 0.563407 0.779788 0.781506 0.774451 0.793077 0.748828 0.821477 0.755465 0.789567 0.760810 0.811051 0.766928 0.801177 0.651774 0.629146 0.554484 0.612914 0.820564 0.618680 0.547257 0.742606 0.748902 0.626165 0.589335 0.719806 0.589156 0.758667 0.748093 0.625734 0.715698 0.668416 0.706664 0.705966 0.716479 0.670732 0.905273 0.783452 0.574340 0.613059 0.627954 0.708995 0.832655 0.711538 0.751442 0.665374 0.669577 0.666127
0.830603 0.821768 0.898410 0.865086 0.789532 0.794268 0.899519 0.814281 0.857963 0.614202 0.829923 0.783179 0.819834 0.835642 0.821626 1.000000 0.849555 0.777041 0.685730 0.802135 0.824389 0.908731 0.899702 0.641185 0.914321 0.882820 0.923943 0.784696 0.850833 0.909748 0.929389 0.899079 0.638545 0.873834 0.907522 0.899758 0.899695 0.872157 0.860797 0.848670 0.887799 0.883273 0.909164 0.840481 0.859143 0.741551 0.716412 0.633974 0.701486 0.861184 0.706355 0.621956 0.841833 0.834711 0.713848 0.672568 0.821783 0.672380 0.851369 0.845252 0.711785 0.811790 0.765751 0.800701 0.795574 0.815459 0.764282 0.805359 0.867061 0.654932 0.701120 0.716191 0.808642 0.853871 0.805694 0.844921 0.757500 0.763077 0.758160
0.851878 0.711428 0.831001 0.839226 0.811165 0.768699 0.812231 0.858729 0.753741 0.523249 0.796467 0.823140 0.800943 0.807100 0.834293 0.849555 1.000000 0.682454 0.589139 0.693354 0.758120 0.892895 0.789151 0.549800 0.882348 0.770129 0.815202 0.677441 0.747272 0.822329 0.841020 0.819006 0.546893 0.854215 0.811573 0.793166 0.829076 0.759917 0.873158 0.805349 0.827627 0.768829 0.833952 0.773851 0.859050 0.633130 0.614130 0.541276 0.599836 0.780504 0.607526 0.531396 0.725799 0.731398 0.609242 0.573521 0.701250 0.573359 0.735616 0.727638 0.610794 0.696700 0.653565 0.692108 0.685664 0.699026 0.654112 0.811730 0.761070 0.558941 0.599059 0.612344 0.691303 0.785803 0.690879 0.731192 0.648236 0.650028 0.646501
0.692113 0.761700 0.769320 0.759217 0.639830 0.697515 0.797373 0.667915 0.771242 0.679008 0.712188 0.636416 0.684257 0.725021 0.680941 0.777041 0.682454 1.000000 0.840342 0.887975 0.876205 0.737800 0.834367 0.791648 0.755823 0.863019 0.805239 0.892982 0.883195 0.813168 0.789346 0.811610 0.787601 0.784957 0.811972 0.836970 0.802864 0.856068 0.692251 0.827613 0.808869 0.855465 0.777555 0.851766 0.739573 0.801710 0.761545 0.765978 0.797824 0.737145 0.776718 0.752000 0.759829 0.781279 0.774924 0.766681 0.761315 0.766433 0.774179 0.782003 0.770281 0.766785 0.752008 0.765140 0.795274 0.781234 0.840679 0.681045 0.763460 0.743834 0.786647 0.794676 0.805770 0.748139 0.796303 0.795900 0.797558 0.771017 0.742765
0.607495 0.789385 0.688888 0.675591 0.560519 0.660587 0.710169 0.584913 0.748168 0.763571 0.638630 0.558929 0.616979 0.664832 0.606151 0.685730 0.589139 0.840342 1.000000 0.842455 0.771075 0.644407 0.737473 0.908431 0.657181 0.758291 0.713503 0.860279 0.781142 0.706127 0.688490 0.708086 0.916472 0.678336 0.711597 0.733952 0.695885 0.762886 0.602406 0.718618 0.706495 0.756083 0.681299 0.745675 0.636656 0.857671 0.804033 0.854705 0.850090 0.708672 0.832902 0.877127 0.753277 0.751911 0.825404 0.819761 0.768037 0.819584 0.768276 0.766561 0.828668 0.764868 0.767486 0.765309 0.792849 0.771301 0.862307 0.603320 0.738462 0.821895 0.834307 0.838739 0.798004 0.705358 0.796793 0.766655 0.821682 0.806212 0.792526
0.712417 0.837400 0.806116 0.788655 0.654148 0.734020 0.829906 0.683494 0.829400 0.725241 0.742932 0.653551 0.714615 0.760067 0.707478 0.802135 0.693354 0.887975 0.842455 1.000000 0.891160 0.755237 0.866011 0.784792 0.771166 0.890770 0.834680 0.935073 0.916205 0.829537 0.808920 0.831271 0.781762 0.798589 0.835580 0.862020 0.818190 0.893022 0.704488 0.841050 0.828841 0.881601 0.797602 0.865617 0.748546 0.870696 0.831414 0.771922 0.846112 0.789381 0.841970 0.758386 0.827500 0.835300 0.840781 0.812545 0.829497 0.812333 0.836769 0.846123 0.842319 0.835874 0.812143 0.820667 0.858304 0.842665 0.911908 0.704682 0.821933 0.795009 0.836165 0.852989 0.872703 0.798292 0.869874 0.848960 0.856169 0.842340 0.812364
0.757739 0.787762 0.817379 0.805038 0.697188 0.751914 0.853373 0.736811 0.793006 0.667396 0.760860 0.693996 0.728162 0.779530 0.736928 0.824389 0.758120 0.876205 0.771075 0.891160 1.000000 0.809589 0.899318 0.719130 0.822730 0.908010 0.851593 0.877101 0.933210 0.868762 0.849313 0.870720 0.715890 0.862099 0.866997 0.883255 0.862702 0.909945 0.748021 0.904197 0.872188 0.900408 0.820431 0.917157 0.810889 0.803366 0.763459 0.709221 0.780798 0.770189 0.777780 0.694766 0.787983 0.806427 0.775021 0.744198 0.778363 0.743952 0.800288 0.803286 0.769040 0.784792 0.757161 0.776329 0.807177 0.794708 0.842351 0.742851 0.789481 0.727713 0.770135 0.788018 0.818335 0.784004 0.813663 0.814170 0.800809 0.780262 0.755573
0.869512 0.778413 0.897471 0.895871 0.822759 0.795802 0.888049 0.861501 0.821840 0.573573 0.831745 0.821600 0.828801 0.842676 0.857569 0.908731 0.892895 0.737800 0.644407 0.755237 0.809589 1.000000 0.864081 0.601511 0.942365 0.841999 0.887672 0.739271 0.813586 0.889469 0.918987 0.890356 0.598901 0.883326 0.878599 0.861799 0.884936 0.830697 0.902720 0.848245 0.893116 0.840740 0.895431 0.835727 0.883745 0.694181 0.671350 0.592280 0.655779 0.841174 0.662291 0.582530 0.790975 0.790353 0.668006 0.628284 0.767425 0.628105 0.799603 0.796324 0.668034 0.762751 0.715702 0.755414 0.750938 0.766655 0.715066 0.826140 0.822164 0.612144 0.655989 0.670657 0.757615 0.838879 0.757476 0.798913 0.711017 0.712264 0.708191
0.790534 0.826879 0.873031 0.843812 0.740606 0.774579 0.904108 0.769959 0.843100 0.657705 0.803866 0.731846 0.781467 0.814561 0.778447 0.899702 0.789151 0.834367 0.737473 0.866011 0.899318 0.864081 1.000000 0.689192 0.879568 0.944874 0.926126 0.845259 0.922771 0.921610 0.920158 0.934437 0.685700 0.890935 0.935807 0.934109 0.920596 0.939003 0.803148 0.895216 0.923935 0.933856 0.895486 0.912955 0.847655 0.796346 0.765276 0.680265 0.752110 0.826607 0.759441 0.667580 0.835189 0.846909 0.765029 0.720443 0.829834 0.720246 0.842679 0.854831 0.763744 0.833725 0.794432 0.806854 0.839011 0.850743 0.821256 0.778534 0.845811 0.702071 0.748698 0.768286 0.855289 0.833797 0.849169 0.858757 0.800810 0.798226 0.786885
0.567130 0.734987 0.643856 0.631223 0.522754 0.616060 0.666656 0.545787 0.698467 0.751335 0.597023 0.521329 0.574301 0.620143 0.565429 0.641185 0.549800 0.791648 0.908431 0.784792 0.719130 0.601511 0.689192 1.000000 0.613521 0.707934 0.668129 0.802514 0.727956 0.659429 0.642985 0.661610 0.941845 0.632834 0.663959 0.684925 0.649924 0.715038 0.562196 0.670216 0.659815 0.707182 0.636325 0.697718 0.594074 0.815022 0.764777 0.846618 0.824320 0.661644 0.792018 0.867720 0.709663 0.703021 0.788510 0.797794 0.726449 0.797765 0.718915 0.719585 0.795495 0.720220 0.733876 0.723430 0.747666 0.728647 0.806990 0.562841 0.688641 0.804072 0.812733 0.803167 0.752077 0.656850 0.749122 0.715713 0.780093 0.766150 0.751351
0.850983 0.783661 0.887200 0.900474 0.807919 0.786931 0.881416 0.844451 0.828455 0.585190 0.821286 0.809215 0.818027 0.834213 0.842103 0.914321 0.882348 0.755823 0.657181 0.771166 0.822730 0.942365 0.879568 0.613521 1.000000 0.860827 0.910463 0.754759 0.830713 0.915213 0.930781 0.906935 0.610905 0.896548 0.903394 0.886870 0.913893 0.844619 0.880079 0.859479 0.900995 0.859132 0.926931 0.850065 0.903339 0.708543 0.686512 0.604812 0.669713 0.833656 0.676311 0.594141 0.796428 0.809055 0.681815 0.641078 0.777366 0.640900 0.802147 0.804731 0.681343 0.778140 0.731028 0.767502 0.765825 0.782521 0.729708 0.807531 0.819650 0.624693 0.670118 0.684322 0.773133 0.835969 0.772597 0.814130 0.724926 0.725819 0.723188
0.780341 0.816249 0.865602 0.841967 0.725341 0.759552 0.892296 0.755888 0.835110 0.669311 0.785591 0.719818 0.762934 0.802261 0.768112 0.882820 0.770129 0.863019 0.758291 0.890770 0.908010 0.841999 0.944874 0.707934 0.860827 1.000000 0.917809 0.870891 0.948692 0.919779 0.901998 0.923351 0.704751 0.883006 0.922463 0.946082 0.911228 0.955071 0.782562 0.906632 0.917586 0.956485 0.880660 0.917749 0.832791 0.810492 0.779090 0.698925 0.772594 0.814041 0.775131 0.685330 0.819388 0.846034 0.778858 0.740009 0.826407 0.739793 0.831175 0.848262 0.780736 0.826739 0.800436 0.817099 0.840839 0.853280 0.841376 0.763717 0.837156 0.720462 0.772486 0.784058 0.859520 0.822156 0.847711 0.860438 0.813478 0.805198 0.779836
0.808412 0.821587 0.886447 0.869893 0.763673 0.766510 0.908632 0.792506 0.857188 0.637493 0.804369 0.758141 0.794441 0.814576 0.804547 0.923943 0.815202 0.805239 0.713503 0.834680 0.851593 0.887672 0.926126 0.668129 0.910463 0.917809 1.000000 0.815418 0.888445 0.927841 0.933930 0.931737 0.664990 0.889436 0.927399 0.924283 0.925387 0.907331 0.830378 0.861664 0.922887 0.922402 0.927290 0.877465 0.874078 0.771256 0.742081 0.659049 0.729205 0.841244 0.732348 0.646851 0.832939 0.841517 0.742120 0.697779 0.831980 0.697597 0.843374 0.853704 0.740117 0.831714 0.790458 0.821193 0.823810 0.845818 0.792079 0.778059 0.855607 0.680254 0.729497 0.744871 0.840530 0.837565 0.836941 0.858909 0.787197 0.787594 0.776614
0.691043 0.814023 0.778234 0.762132 0.640233 0.726336 0.804503 0.667349 0.801096 0.728880 0.728565 0.637739 0.693976 0.741805 0.686393 0.784696 0.677441 0.892982 0.860279 0.935073 0.877101 0.739271 0.845259 0.802514 0.754759 0.870891 0.815418 1.000000 0.894649 0.811007 0.790814 0.812085 0.800166 0.778890 0.816142 0.843385 0.798772 0.870311 0.688659 0.826929 0.809992 0.865697 0.781322 0.849221 0.731834 0.858271 0.817079 0.789397 0.851055 0.765256 0.830439 0.777144 0.801188 0.805205 0.821876 0.811182 0.795992 0.811053 0.815545 0.815331 0.832959 0.805527 0.785772 0.794286 0.829457 0.809327 0.898605 0.687960 0.792007 0.793579 0.832773 0.839849 0.842305 0.772559 0.838460 0.818049 0.832332 0.820794 0.799830
0.754311 0.810040 0.836983 0.818706 0.700307 0.745848 0.870705 0.731128 0.816361 0.683723 0.767242 0.694345 0.735613 0.780225 0.741912 0.850833 0.747272 0.883195 0.781142 0.916205 0.933210 0.813586 0.922771 0.727956 0.830713 0.948692 0.888445 0.894649 1.000000 0.889261 0.869728 0.895021 0.724698 0.862882 0.895260 0.916417 0.882999 0.945720 0.757374 0.904497 0.893586 0.933250 0.847230 0.910222 0.806946 0.822594 0.784209 0.718103 0.793516 0.790195 0.788508 0.703706 0.812849 0.830177 0.789864 0.758613 0.810576 0.758386 0.821190 0.835501 0.792670 0.815912 0.793376 0.806920 0.835291 0.833869 0.865533 0.736833 0.819706 0.736781 0.790212 0.800137 0.850257 0.798616 0.841553 0.842817 0.819629 0.806766 0.778365
0.824298 0.808939 0.891133 0.876228 0.764492 0.774814 0.902214 0.798484 0.845554 0.629121 0.802336 0.762685 0.791661 0.819329 0.806557 0.909748 0.822329 0.813168 0.706127 0.829537 0.868762 0.889469 0.921610 0.659429 0.915213 0.919779 0.927841 0.811007 0.889261 1.000000 0.937389 0.940872 0.656408 0.902442 0.923255 0.926405 0.945614 0.903385 0.830659 0.881304 0.915677 0.915327 0.916229 0.896436 0.878778 0.762515 0.736452 0.650346 0.719861 0.824222 0.727100 0.638024 0.807327 0.839428 0.732189 0.689041 0.814141 0.688856 0.827669 0.838691 0.730551 0.809002 0.781520 0.809249 0.816162 0.831008 0.783658 0.786239 0.845436 0.671270 0.720424 0.735325 0.827090 0.834257 0.823785 0.852848 0.777173 0.776465 0.762877
0.837796 0.815217 0.909819 0.881750 0.782021 0.786768 0.917909 0.813457 0.858723 0.614612 0.821927 0.776238 0.815337 0.835189 0.819527 0.929389 0.841020 0.789346 0.688490 0.808920 0.849313 0.918987 0.920158 0.642985 0.930781 0.901998 0.933930 0.790814 0.869728 0.937389 1.000000 0.934832 0.640222 0.892965 0.917565 0.912364 0.930733 0.889183 0.855562 0.867172 0.913971 0.895467 0.926934 0.877057 0.877511 0.744228 0.719586 0.634556 0.702354 0.847289 0.708626 0.623445 0.827144 0.835459 0.715552 0.672485 0.815612 0.672304 0.838093 0.845290 0.713656 0.812664 0.764457 0.798683 0.804946 0.820915 0.765058 0.804335 0.858954 0.655169 0.702771 0.718288 0.810877 0.853899 0.811850 0.851921 0.760408 0.761732 0.757381
0.804701 0.799521 0.877979 0.855637 0.756729 0.761381 0.899547 0.785893 0.834963 0.630334 0.787800 0.750769 0.780485 0.803486 0.790838 0.899079 0.819006 0.811610 0.708086 0.831271 0.870720 0.890356 0.934437 0.661610 0.906935 0.923351 0.931737 0.812085 0.895021 0.940872 0.934832 1.000000 0.658564 0.915495 0.939848 0.927285 0.932042 0.915298 0.831188 0.891329 0.936734 0.918843 0.914610 0.888976 0.873785 0.764795 0.736338 0.652647 0.722191 0.810863 0.729241 0.640633 0.800815 0.825662 0.734359 0.690861 0.812324 0.690685 0.818170 0.832531 0.732996 0.805209 0.777691 0.803869 0.811364 0.828204 0.785656 0.771039 0.838742 0.673465 0.723077 0.737649 0.827708 0.820764 0.819839 0.846746 0.776887 0.769609 0.756987
0.564558 0.742200 0.640924 0.628419 0.520955 0.617336 0.663472 0.543534 0.701102 0.759754 0.594355 0.519413 0.573988 0.618560 0.563407 0.638545 0.546893 0.787601 0.916472 0.781762 0.715890 0.598901 0.685700 0.941845 0.610905 0.704751 0.664990 0.800166 0.724698 0.656408 0.640222 0.658564 1.000000 0.629813 0.661140 0.682092 0.646707 0.711409 0.559769 0.666777 0.656298 0.704228 0.633857 0.694218 0.591061 0.818508 0.767163 0.846136 0.824136 0.662851 0.790941 0.876700 0.711900 0.705620 0.793999 0.800557 0.727128 0.800483 0.720311 0.721076 0.798602 0.724428 0.737044 0.724184 0.751863 0.730586 0.810925 0.561223 0.690620 0.803196 0.810798 0.805304 0.755494 0.658626 0.752422 0.717981 0.781548 0.774047 0.757920
0.801166 0.752908 0.838527 0.832132 0.752057 0.741478 0.851373 0.787572 0.787414 0.600616 0.764731 0.754155 0.759503 0.774930 0.779788 0.873834 0.854215 0.784957 0.678336 0.798589 0.862099 0.883326 0.890935 0.632834 0.896548 0.883006 0.889436 0.778890 0.862882 0.902442 0.892965 0.915495 0.629813 1.000000 0.915477 0.909134 0.923241 0.876551 0.829138 0.915263 0.922520 0.881168 0.879897 0.866153 0.879931 0.727678 0.704232 0.624508 0.690647 0.776144 0.697182 0.612400 0.762933 0.786156 0.699974 0.659937 0.764288 0.659765 0.770131 0.781140 0.701348 0.761306 0.736992 0.757311 0.762886 0.784710 0.752138 0.757363 0.787263 0.643596 0.690703 0.703862 0.781578 0.781348 0.770379 0.797167 0.737482 0.726036 0.716112
0.797099 0.795617 0.857966 0.852176 0.740501 0.750332 0.883085 0.780125 0.823928 0.633131 0.779721 0.741113 0.768062 0.791191 0.781506 0.907522 0.811573 0.811972 0.711597 0.835580 0.866997 0.878599 0.935807 0.663959 0.903394 0.922463 0.927399 0.816142 0.895260 0.923255 0.917565 0.939848 0.661140 0.915477 1.000000 0.941488 0.938101 0.918374 0.828253 0.903793 0.937316 0.927244 0.918842 0.876617 0.877065 0.767640 0.739577 0.656005 0.725494 0.808159 0.731668 0.642981 0.805561 0.822753 0.737604 0.694336 0.810291 0.694162 0.814819 0.830460 0.735987 0.807689 0.781093 0.804347 0.808026 0.832557 0.790423 0.758420 0.828496 0.676423 0.725909 0.740707 0.830497 0.810594 0.817780 0.839017 0.780825 0.773269 0.756941
0.787348 0.801973 0.860444 0.840641 0.732718 0.748046 0.874456 0.766097 0.828664 0.651571 0.780311 0.731560 0.770725 0.791014 0.774451 0.899758 0.793166 0.836970 0.733952 0.862020 0.883255 0.861799 0.934109 0.684925 0.886870 0.946082 0.924283 0.843385 0.916417 0.926405 0.912364 0.927285 0.682092 0.909134 0.941488 1.000000 0.930249 0.931070 0.803789 0.905132 0.932951 0.944718 0.905710 0.900810 0.857768 0.789656 0.762916 0.677276 0.748839 0.813938 0.754427 0.663919 0.809255 0.835823 0.758054 0.717494 0.815870 0.717300 0.817496 0.834784 0.758426 0.816796 0.796583 0.807890 0.822747 0.843166 0.815165 0.755737 0.834900 0.698357 0.749929 0.763733 0.841660 0.816626 0.830397 0.847490 0.796199 0.786313 0.764289
0.810769 0.785954 0.866720 0.857978 0.751308 0.752897 0.881677 0.790216 0.821540 0.619621 0.783626 0.763120 0.774878 0.796048 0.793077 0.899695 0.829076 0.802864 0.695885 0.818190 0.862702 0.884936 0.920596 0.649924 0.913893 0.911228 0.925387 0.798772 0.882999 0.945614 0.930733 0.932042 0.646707 0.923241 0.938101 0.930249 1.000000 0.899467 0.838480 0.891452 0.929693 0.908022 0.919694 0.883963 0.893049 0.750456 0.725718 0.641223 0.709663 0.807448 0.715516 0.628670 0.793421 0.817307 0.720917 0.677988 0.797392 0.677816 0.805931 0.820359 0.720025 0.797158 0.769019 0.788484 0.798703 0.821728 0.772262 0.765541 0.823642 0.661052 0.709459 0.724479 0.815371 0.812703 0.806920 0.833099 0.763970 0.756985 0.749080
0.763177 0.816191 0.844128 0.820337 0.708586 0.747657 0.879116 0.739902 0.817098 0.675498 0.771407 0.702069 0.743263 0.779321 0.748828 0.872157 0.759917 0.856068 0.762886 0.893022 0.909945 0.830697 0.939003 0.715038 0.844619 0.955071 0.907331 0.870311 0.945720 0.903385 0.889183 0.915298 0.711409 0.876551 0.918374 0.931070 0.899467 1.000000 0.772885 0.899105 0.911136 0.946058 0.865132 0.905196 0.821797 0.818358 0.780922 0.705986 0.779049 0.794281 0.778542 0.692026 0.815391 0.829688 0.783487 0.745702 0.818665 0.745514 0.822608 0.841320 0.785643 0.820326 0.801330 0.808736 0.833478 0.844473 0.845735 0.741909 0.831848 0.726983 0.778987 0.790169 0.853621 0.802910 0.848668 0.845147 0.819498 0.808622 0.782496
0.819847 0.724518 0.834172 0.840436 0.798959 0.753178 0.829703 0.834972 0.767923 0.536313 0.790923 0.807779 0.789893 0.792088 0.821477 0.860797 0.873158 0.692251 0.602406 0.704488 0.748021 0.902720 0.803148 0.562196 0.880079 0.782562 0.830378 0.688659 0.757374 0.830659 0.855562 0.831188 0.559769 0.829138 0.828253 0.803789 0.838480 0.772885 1.000000 0.789777 0.833942 0.782535 0.866928 0.771999 0.891720 0.648569 0.626252 0.553474 0.612731 0.792296 0.617928 0.544583 0.738808 0.732607 0.623817 0.587104 0.717011 0.586934 0.751475 0.744394 0.624438 0.711688 0.668891 0.707871 0.700640 0.715210 0.667416 0.782750 0.776744 0.572378 0.612465 0.626514 0.711274 0.790757 0.706976 0.743033 0.663877 0.665096 0.659990
0.779636 0.765116 0.824890 0.826894 0.716316 0.744652 0.847278 0.761036 0.782846 0.631778 0.762455 0.720191 0.733376 0.777411 0.755465 0.848670 0.805349 0.827613 0.718618 0.841050 0.904197 0.848245 0.895216 0.670216 0.859479 0.906632 0.861664 0.826929 0.904497 0.881304 0.867172 0.891329 0.666777 0.915263 0.903793 0.905132 0.891452 0.899105 0.789777 1.000000 0.906698 0.895033 0.847343 0.887062 0.850766 0.762883 0.725416 0.660853 0.730023 0.765517 0.732810 0.647507 0.776264 0.794518 0.732980 0.698325 0.767465 0.698098 0.785922 0.789750 0.733148 0.769923 0.746168 0.764355 0.780956 0.792790 0.795987 0.744746 0.781122 0.679629 0.726004 0.739820 0.803252 0.777839 0.786959 0.801102 0.763076 0.752510 0.733881
0.804455 0.779293 0.860304 0.852240 0.749736 0.743531 0.887748 0.791537 0.812541 0.624673 0.773924 0.750372 0.766150 0.785451 0.789567 0.887799 0.827627 0.808869 0.706495 0.828841 0.872188 0.893116 0.923935 0.659815 0.900995 0.917586 0.922887 0.809992 0.893586 0.915677 0.913971 0.936734 0.656298 0.922520 0.937316 0.932951 0.929693 0.911136 0.833942 0.906698 1.000000 0.914016 0.901300 0.893486 0.886840 0.756121 0.727738 0.648985 0.718586 0.796664 0.721802 0.637121 0.786696 0.802582 0.725805 0.686730 0.789505 0.686548 0.798019 0.810980 0.728872 0.790094 0.765723 0.783040 0.794950 0.816688 0.782509 0.758943 0.811682 0.668864 0.718527 0.731035 0.812602 0.798372 0.802653 0.819135 0.762896 0.752641 0.739109
0.771817 0.808408 0.849094 0.832795 0.720811 0.745955 0.885333 0.749472 0.829960 0.672520 0.772309 0.712820 0.756815 0.787933 0.760810 0.883273 0.768829 0.855465 0.756083 0.881601 0.900408 0.840740 0.933856 0.707182 0.859132 0.956485 0.922402 0.865697 0.933250 0.915327 0.895467 0.918843 0.704228 0.881168 0.927244 0.944718 0.908022 0.946058 0.782535 0.895033 0.914016 1.000000 0.882560 0.907345 0.830711 0.815209 0.777354 0.698661 0.772881 0.809415 0.776897 0.684853 0.812595 0.836130 0.781613 0.738976 0.823847 0.738828 0.825780 0.843410 0.780337 0.823371 0.804613 0.828336 0.838447 0.850695 0.834495 0.750067 0.830916 0.720739 0.773593 0.787873 0.856774 0.812095 0.847720 0.851460 0.820219 0.805823 0.773623
0.815987 0.798224 0.876125 0.880879 0.767186 0.765119 0.883551 0.808158 0.841857 0.609079 0.801272 0.773802 0.798190 0.811464 0.811051 0.909164 0.833952 0.777555 0.681299 0.797602 0.820431 0.895431 0.895486 0.636325 0.926931 0.880660 0.927290 0.781322 0.847230 0.916229 0.926934 0.914610 0.633857 0.879897 0.918842 0.905710 0.919694 0.865132 0.866928 0.847343 0.901300 0.882560 1.000000 0.850257 0.899566 0.737141 0.711336 0.628476 0.695396 0.832385 0.701221 0.617504 0.809726 0.816294 0.708600 0.666338 0.800942 0.666159 0.821567 0.828802 0.706760 0.802250 0.760806 0.793252 0.794341 0.814746 0.756286 0.779729 0.840602 0.649187 0.696378 0.711164 0.805196 0.833935 0.803045 0.835526 0.753413 0.751870 0.747565
0.789676 0.801804 0.854214 0.839091 0.724519 0.768157 0.892740 0.762697 0.825375 0.661244 0.776609 0.721096 0.758596 0.804150 0.766928 0.840481 0.773851 0.851766 0.745675 0.865617 0.917157 0.835727 0.912955 0.697718 0.850065 0.917749 0.877465 0.849221 0.910222 0.896436 0.877057 0.888976 0.694218 0.866153 0.876617 0.900810 0.883963 0.905196 0.771999 0.887062 0.893486 0.907345 0.850257 1.000000 0.833555 0.795865 0.756901 0.685904 0.757118 0.797297 0.761603 0.674248 0.795858 0.826352 0.763817 0.727388 0.797943 0.727143 0.822346 0.824801 0.760557 0.802302 0.775111 0.784872 0.830099 0.821138 0.819903 0.771168 0.817742 0.705514 0.752269 0.770771 0.833601 0.816412 0.831527 0.841292 0.793623 0.785113 0.764252
0.812913 0.736712 0.832280 0.844109 0.764768 0.739594 0.841679 0.816656 0.775528 0.564277 0.766339 0.779381 0.765473 0.779082 0.801177 0.859143 0.859050 0.739573 0.636656 0.748546 0.810889 0.883745 0.847655 0.594074 0.903339 0.832791 0.874078 0.731834 0.806946 0.878778 0.877511 0.873785 0.591061 0.879931 0.877065 0.857768 0.893049 0.821797 0.891720 0.850766 0.886840 0.830711 0.899566 0.833555 1.000000 0.683882 0.662401 0.584557 0.647003 0.771579 0.654316 0.573415 0.744384 0.761888 0.657648 0.619033 0.735483 0.618855 0.757464 0.761408 0.658454 0.739975 0.703057 0.733916 0.736001 0.752428 0.705528 0.766485 0.771011 0.603235 0.646765 0.660933 0.748561 0.778706 0.743444 0.771144 0.699532 0.700007 0.688915
0.653223 0.871309 0.743748 0.728280 0.603031 0.720297 0.769136 0.627781 0.830153 0.811229 0.690623 0.600727 0.669041 0.719435 0.651774 0.741551 0.633130 0.801710 0.857671 0.870696 0.803366 0.694181 0.796346 0.815022 0.708543 0.810492 0.771256 0.858271 0.822594 0.762515 0.744228 0.764795 0.818508 0.727678 0.767640 0.789656 0.750456 0.818358 0.648569 0.762883 0.756121 0.815209 0.737141 0.795865 0.683882 1.000000 0.881284 0.830792 0.904254 0.778315 0.909406 0.828595 0.847384 0.843936 0.916490 0.866585 0.868244 0.866309 0.848745 0.858947 0.902789 0.858149 0.874225 0.872971 0.901984 0.875368 0.914380 0.652453 0.816349 0.868126 0.892046 0.926425 0.897699 0.773883 0.897340 0.856878 0.923206 0.912169 0.896334
0.631165 0.818413 0.717093 0.697283 0.582323 0.676333 0.733693 0.606385 0.788798 0.827016 0.660092 0.580381 0.646368 0.685708 0.629146 0.716412 0.614130 0.761545 0.804033 0.831414 0.763459 0.671350 0.765276 0.764777 0.686512 0.779090 0.742081 0.817079 0.784209 0.736452 0.719586 0.736338 0.767163 0.704232 0.739577 0.762916 0.725718 0.780922 0.626252 0.725416 0.727738 0.777354 0.711336 0.756901 0.662401 0.881284 1.000000 0.850775 0.898610 0.753966 0.877539 0.832520 0.819811 0.824899 0.912490 0.899010 0.850485 0.898947 0.793723 0.821135 0.923986 0.861933 0.896868 0.861878 0.844779 0.856442 0.859611 0.629290 0.786439 0.893224 0.903147 0.910585 0.844660 0.745954 0.855412 0.816253 0.885821 0.882198 0.881662
0.555829 0.730068 0.632808 0.620424 0.513061 0.603943 0.654582 0.534534 0.704587 0.834469 0.587423 0.511215 0.568451 0.611175 0.554484 0.633974 0.541276 0.765978 0.854705 0.771922 0.709221 0.592280 0.680265 0.846618 0.604812 0.698925 0.659049 0.789397 0.718103 0.650346 0.634556 0.652647 0.846136 0.624508 0.656005 0.677276 0.641223 0.705986 0.553474 0.660853 0.648985 0.698661 0.628476 0.685904 0.584557 0.830792 0.850775 1.000000 0.895054 0.663752 0.822725 0.921832 0.737271 0.728362 0.865237 0.904263 0.749710 0.904299 0.714048 0.731789 0.858904 0.761850 0.802123 0.765622 0.774420 0.763077 0.809686 0.554502 0.694109 0.908096 0.891031 0.873497 0.768146 0.657020 0.770835 0.728478 0.820312 0.800347 0.800848
0.615060 0.801437 0.700402 0.686777 0.567321 0.661472 0.724094 0.590971 0.776413 0.826211 0.647914 0.565127 0.628296 0.675267 0.612914 0.701486 0.599836 0.797824 0.850090 0.846112 0.780798 0.655779 0.752110 0.824320 0.669713 0.772594 0.729205 0.851055 0.793516 0.719861 0.702354 0.722191 0.824136 0.690647 0.725494 0.748839 0.709663 0.779049 0.612731 0.730023 0.718586 0.772881 0.695396 0.757118 0.647003 0.904254 0.898610 0.895054 1.000000 0.732994 0.897586 0.866365 0.812400 0.806639 0.916574 0.913046 0.826453 0.912817 0.784004 0.808776 0.911378 0.831738 0.867354 0.842012 0.846985 0.844563 0.882860 0.612837 0.767519 0.907834 0.949054 0.934234 0.847857 0.725815 0.847833 0.806329 0.901012 0.868987 0.857715
0.815493 0.870698 0.879930 0.860815 0.761908 0.816167 0.854098 0.789494 0.909169 0.648650 0.844741 0.756273 0.839720 0.872423 0.820564 0.861184 0.780504 0.737145 0.708672 0.789381 0.770189 0.841174 0.826607 0.661644 0.833656 0.814041 0.841244 0.765256 0.790195 0.824222 0.847289 0.810863 0.662851 0.776144 0.808159 0.813938 0.807448 0.794281 0.792296 0.765517 0.796664 0.809415 0.832385 0.797297 0.771579 0.778315 0.753966 0.663752 0.732994 1.000000 0.738711 0.654431 0.880089 0.871848 0.748819 0.706776 0.861397 0.706583 0.895202 0.884436 0.748169 0.855906 0.790971 0.832100 0.837502 0.845491 0.786559 0.814813 0.910053 0.688185 0.729205 0.750241 0.844128 0.923321 0.847023 0.876439 0.787289 0.803385 0.798467
0.621134 0.816067 0.705168 0.691143 0.572783 0.684548 0.727292 0.597946 0.784476 0.796389 0.655864 0.570910 0.635940 0.684410 0.618680 0.706355 0.607526 0.776718 0.832902 0.841970 0.777780 0.662291 0.759441 0.792018 0.676311 0.775131 0.732348 0.830439 0.788508 0.727100 0.708626 0.729241 0.790941 0.697182 0.731668 0.754427 0.715516 0.778542 0.617928 0.732810 0.721802 0.776897 0.701221 0.761603 0.654316 0.909406 0.877539 0.822725 0.897586 0.738711 1.000000 0.821395 0.815249 0.811277 0.904826 0.858373 0.835874 0.858156 0.803657 0.812746 0.892767 0.836954 0.854092 0.839038 0.849061 0.843453 0.884405 0.625062 0.771923 0.864105 0.881480 0.912958 0.851632 0.732565 0.857350 0.811182 0.895027 0.875798 0.860596
0.547604 0.738801 0.623125 0.609399 0.506967 0.607211 0.644736 0.527342 0.695223 0.835048 0.578915 0.505071 0.561571 0.603378 0.547257 0.621956 0.531396 0.752000 0.877127 0.758386 0.694766 0.582530 0.667580 0.867720 0.594141 0.685330 0.646851 0.777144 0.703706 0.638024 0.623445 0.640633 0.876700 0.612400 0.642981 0.663919 0.628670 0.692026 0.544583 0.647507 0.637121 0.684853 0.617504 0.674248 0.573415 0.828595 0.832520 0.921832 0.866365 0.654431 0.821395 1.000000 0.724048 0.714614 0.855148 0.872953 0.744172 0.872805 0.713193 0.719659 0.849977 0.753249 0.786436 0.753799 0.762700 0.750022 0.806054 0.546975 0.683934 0.878032 0.863128 0.856779 0.754169 0.648355 0.759895 0.716674 0.807288 0.805018 0.804036
0.741536 0.899610 0.832349 0.817005 0.688212 0.776450 0.837938 0.716108 0.903237 0.718133 0.785755 0.684768 0.762085 0.810245 0.742606 0.841833 0.725799 0.759829 0.753277 0.827500 0.787983 0.790975 0.835189 0.709663 0.796428 0.819388 0.832939 0.801188 0.812849 0.807327 0.827144 0.800815 0.711900 0.762933 0.805561 0.809255 0.793421 0.815391 0.738808 0.776264 0.786696 0.812595 0.809726 0.795858 0.744384 0.847384 0.819811 0.737271 0.812400 0.880089 0.815249 0.724048 1.000000 0.912987 0.830418 0.784835 0.913168 0.784638 0.900203 0.915796 0.822202 0.918295 0.854726 0.882345 0.889041 0.899874 0.849983 0.742249 0.888468 0.765079 0.803845 0.833265 0.901911 0.860871 0.904729 0.896980 0.863257 0.878561 0.881600
0.751373 0.891074 0.844369 0.824570 0.692707 0.771213 0.848299 0.720942 0.904711 0.708516 0.773453 0.690380 0.765293 0.809168 0.748902 0.834711 0.731398 0.781279 0.751911 0.835300 0.806427 0.790353 0.846909 0.703021 0.809055 0.846034 0.841517 0.805205 0.830177 0.839428 0.835459 0.825662 0.705620 0.786156 0.822753 0.835823 0.817307 0.829688 0.732607 0.794518 0.802582 0.836130 0.816294 0.826352 0.761888 0.843936 0.824899 0.728362 0.806639 0.871848 0.811277 0.714614 0.912987 1.000000 0.823390 0.775440 0.920854 0.775238 0.891949 0.924806 0.821920 0.908572 0.870637 0.898151 0.902719 0.913885 0.846244 0.747462 0.900003 0.754818 0.807479 0.826073 0.903495 0.872936 0.911021 0.933190 0.871528 0.875074 0.867724
0.627485 0.818887 0.714530 0.699154 0.579904 0.686794 0.739184 0.603209 0.796779 0.826978 0.662163 0.577532 0.643153 0.690288 0.626165 0.713848 0.609242 0.774924 0.825404 0.840781 0.775021 0.668006 0.765029 0.788510 0.681815 0.778858 0.742120 0.821876 0.789864 0.732189 0.715552 0.734359 0.793999 0.699974 0.737604 0.758054 0.720917 0.783487 0.623817 0.732980 0.725805 0.781613 0.708600 0.763817 0.657648 0.916490 0.912490 0.865237 0.916574 0.748819 0.904826 0.855148 0.830418 0.823390 1.000000 0.908549 0.852313 0.908263 0.809858 0.825288 0.914555 0.860604 0.897917 0.866006 0.871407 0.861745 0.869062 0.626238 0.785168 0.897641 0.908317 0.946742 0.864508 0.743975 0.869279 0.822986 0.915150 0.898090 0.889200
0.590306 0.770209 0.672371 0.658555 0.545933 0.644997 0.695413 0.567486 0.749867 0.852356 0.624568 0.543302 0.605139 0.650348 0.589335 0.672568 0.573521 0.766681 0.819761 0.812545 0.744198 0.628284 0.720443 0.797794 0.641078 0.740009 0.697779 0.811182 0.758613 0.689041 0.672485 0.690861 0.800557 0.659937 0.694336 0.717494 0.677988 0.745702 0.587104 0.698325 0.686730 0.738976 0.666338 0.727388 0.619033 0.866585 0.899010 0.904263 0.913046 0.706776 0.858373 0.872953 0.784835 0.775440 0.908549 1.000000 0.798008 0.998505 0.760323 0.777968 0.894925 0.811610 0.855815 0.812840 0.820894 0.810876 0.841061 0.590459 0.737925 0.921993 0.908370 0.907108 0.815391 0.699200 0.818495 0.772060 0.858752 0.853845 0.845404
